Webots Project File version R2025a
perspectives: 000000ff00000000fd0000000300000000000001ca0000039ffc0200000001fb00000012005300630065006e0065005400720065006500000000000000039f0000000000000000000000010000023000000329fc0200000001fb0000001400540065007800740045006400690074006f00720100000019000003290000008900ffffff000000030000078000000082fc0100000002fb0000000e0043006f006e0073006f006c00650000000000000007800000000000000000fb0000001a0043006f006e0073006f006c00650041006c006c0041006c006c0100000000000007800000006900ffffff0000054e0000032900000004000000040000000100000008fc00000000
simulationViewPerspectives: 000000ff000000010000000200000175000003d90100000002010000000101
sceneTreePerspectives: 000000ff0000000100000003000000220000011f0000011a0100000002010000000201
maximizedDockId: -1
centralWidgetVisible: 1
orthographicViewHeight: 1
textFiles: 0 "controllers/my_controller_tiago/my_controller_tiago.py"
consoles: Console:All:All
renderingDevicePerspectives: TIAGo:Astra depth;0;0.895833;0;0
renderingDevicePerspectives: TIAGo:Astra rgb;0;0.895833;0;0
